R=20;
C=10*10^-6;